Contig	Len_ctg	len_gff	coverage
NODE_1_length_1806572_cov_94.6139	1806572	651391	36.057
NODE_2_length_1652252_cov_91.7152	1652252	545244	33.000
NODE_3_length_1466808_cov_89.1546	1466808	376929	25.697
NODE_4_length_1408614_cov_87.6619	1408614	316315	22.456
NODE_5_length_1381321_cov_89.3474	1381321	306468	22.187
NODE_6_length_1305920_cov_104.694	1305920	411182	31.486
NODE_7_length_1185015_cov_91.9694	1185015	372068	31.398
NODE_8_length_1027700_cov_86.0268	1027700	272383	26.504
NODE_9_length_986093_cov_83.4216	986093	136825	13.875
NODE_10_length_962430_cov_96.5332	962430	414983	43.118
NODE_11_length_896412_cov_85.115	896412	169612	18.921
NODE_12_length_849307_cov_84.3712	849307	213298	25.114
NODE_13_length_821745_cov_94.4626	821745	327884	39.901
NODE_14_length_808454_cov_95.0407	808454	272156	33.664
NODE_15_length_789525_cov_88.5282	789525	228151	28.897
NODE_16_length_772694_cov_112.824	772694	285159	36.905
NODE_17_length_768734_cov_88.4192	768734	217305	28.268
NODE_18_length_649330_cov_86.4146	649330	132199	20.359
NODE_19_length_627902_cov_80.9922	627902	76403	12.168
NODE_20_length_605854_cov_95.0328	605854	252811	41.728
NODE_21_length_575401_cov_94.8557	575401	210397	36.565
NODE_22_length_555982_cov_103.229	555982	168078	30.231
NODE_23_length_548310_cov_79.0293	548310	108807	19.844
NODE_24_length_519635_cov_59.0611	519635	198849	38.267
NODE_25_length_510018_cov_89.0879	510018	159738	31.320
NODE_26_length_488372_cov_84.7319	488372	75414	15.442
NODE_27_length_486249_cov_91.309	486249	120093	24.698
NODE_28_length_473487_cov_82.1946	473487	70532	14.896
NODE_29_length_461304_cov_78.9969	461304	39706	8.607
NODE_30_length_459496_cov_94.9912	459496	197954	43.081
NODE_31_length_457871_cov_85.4556	457871	71604	15.638
NODE_32_length_452574_cov_125.769	452574	74407	16.441
NODE_33_length_431664_cov_86.6863	431664	90964	21.073
NODE_34_length_427061_cov_89.2992	427061	129194	30.252
NODE_35_length_415149_cov_85.338	415149	88236	21.254
NODE_36_length_392202_cov_78.9674	392202	42476	10.830
NODE_37_length_379487_cov_57.3568	379487	13634	3.593
NODE_38_length_354543_cov_95.9375	354543	135164	38.123
NODE_39_length_351666_cov_101.528	351666	199177	56.638
NODE_40_length_321006_cov_86.5116	321006	62703	19.533
NODE_41_length_305573_cov_85.3819	305573	53048	17.360
NODE_42_length_291273_cov_77.6093	291273	14256	4.894
NODE_43_length_290337_cov_91.5785	290337	10467	3.605
NODE_44_length_270115_cov_78.8724	270115	14162	5.243
NODE_45_length_267707_cov_80.9945	267707	14610	5.457
NODE_46_length_263211_cov_75.7914	263211	9379	3.563
NODE_47_length_259030_cov_72.4715	259030	42226	16.302
NODE_48_length_256339_cov_85.2385	256339	44162	17.228
NODE_49_length_254477_cov_92.347	254477	92275	36.261
NODE_50_length_253889_cov_45.3817	253889	43496	17.132
NODE_51_length_251990_cov_84.65	251990	41866	16.614
NODE_52_length_251533_cov_57.846	251533	24790	9.856
NODE_53_length_249211_cov_78.9347	249211	7049	2.829
NODE_54_length_245115_cov_83.3718	245115	35895	14.644
NODE_55_length_239471_cov_97.3611	239471	81663	34.101
NODE_56_length_237434_cov_54.4054	237434	13207	5.562
NODE_57_length_234298_cov_84.8892	234298	37146	15.854
NODE_58_length_232401_cov_79.7107	232401	15081	6.489
NODE_59_length_232031_cov_84.7216	232031	47553	20.494
NODE_60_length_231053_cov_78.4343	231053	6187	2.678
NODE_61_length_216292_cov_113.064	216292	158137	73.113
NODE_62_length_211836_cov_107.36	211836	131405	62.031
NODE_63_length_206381_cov_148.173	206381	100935	48.907
NODE_64_length_206344_cov_42.8342	206344	35400	17.156
NODE_65_length_194854_cov_83.1988	194854	29606	15.194
NODE_66_length_191983_cov_78.4299	191983	17251	8.986
NODE_67_length_191491_cov_85.4554	191491	28442	14.853
NODE_68_length_190041_cov_99.4027	190041	100875	53.081
NODE_69_length_188926_cov_98.0948	188926	64369	34.071
NODE_70_length_183832_cov_81.6527	183832	19969	10.863
NODE_71_length_183749_cov_86.1922	183749	39955	21.744
NODE_72_length_178629_cov_78.5653	178629	19322	10.817
NODE_73_length_177032_cov_82.0284	177032	19824	11.198
NODE_74_length_175748_cov_85.509	175748	24335	13.847
NODE_75_length_170103_cov_40.1332	170103	13503	7.938
NODE_76_length_166604_cov_103.39	166604	98612	59.189
NODE_77_length_160429_cov_93.0679	160429	62690	39.076
NODE_78_length_158863_cov_88.6171	158863	34564	21.757
NODE_79_length_150117_cov_93.6199	150117	54050	36.005
NODE_80_length_147794_cov_113.047	147794	48902	33.088
NODE_81_length_147732_cov_78.7389	147732	7205	4.877
NODE_82_length_147631_cov_78.1642	147631	8882	6.016
NODE_83_length_147146_cov_85.0727	147146	29547	20.080
NODE_84_length_146021_cov_85.3318	146021	22314	15.281
NODE_85_length_142489_cov_89.7504	142489	30187	21.185
NODE_86_length_138007_cov_92.963	138007	56524	40.957
NODE_87_length_133277_cov_84.8955	133277	21684	16.270
NODE_88_length_133176_cov_76.7949	133176	4687	3.519
NODE_89_length_131933_cov_81.0981	131933	8462	6.414
NODE_90_length_128471_cov_80.8839	128471	15693	12.215
NODE_91_length_127592_cov_86.958	127592	28383	22.245
NODE_92_length_125911_cov_79.2684	125911	3926	3.118
NODE_93_length_124789_cov_107.37	124789	81018	64.924
NODE_94_length_119179_cov_77.877	119179	12881	10.808
NODE_95_length_113131_cov_81.4439	113131	15445	13.652
NODE_96_length_110736_cov_91.2971	110736	34458	31.117
NODE_97_length_108849_cov_83.4206	108849	15106	13.878
NODE_98_length_106434_cov_98.1661	106434	67896	63.792
NODE_99_length_105202_cov_83.0706	105202	16985	16.145
NODE_100_length_103287_cov_71.0093	103287	4696	4.547
NODE_101_length_102412_cov_75.388	102412	2910	2.841
NODE_102_length_97218_cov_97.5321	97218	46365	47.692
NODE_103_length_97115_cov_82.4492	97115	13416	13.815
NODE_104_length_95779_cov_77.0977	95779	2397	2.503
NODE_105_length_93176_cov_80.3843	93176	10801	11.592
NODE_106_length_87008_cov_38.6494	87008	1341	1.541
NODE_107_length_82873_cov_92.7324	82873	18240	22.010
NODE_108_length_80712_cov_68.8444	80712	10283	12.740
NODE_109_length_80228_cov_99.0319	80228	27406	34.160
NODE_110_length_78211_cov_53.6324	78211	7178	9.178
NODE_111_length_77337_cov_4500.95	77337	950	1.228
NODE_112_length_76363_cov_93.7491	76363	23864	31.251
NODE_113_length_76270_cov_77.4215	76270	4229	5.545
NODE_114_length_76054_cov_87.6141	76054	20628	27.123
NODE_115_length_74717_cov_73.3344	74717	3698	4.949
NODE_116_length_74265_cov_128.197	74265	22779	30.673
NODE_117_length_68432_cov_107.901	68432	35756	52.250
NODE_118_length_65639_cov_86.9993	65639	13306	20.271
NODE_119_length_64917_cov_103.435	64917	34076	52.492
NODE_120_length_64401_cov_97.1726	64401	27495	42.693
NODE_121_length_61334_cov_78.7998	61334	2771	4.518
NODE_122_length_60666_cov_108.891	60666	38946	64.197
NODE_123_length_58564_cov_99.4492	58564	31518	53.818
NODE_124_length_58436_cov_114.371	58436	52399	89.669
NODE_125_length_50218_cov_76.7416	50218	5391	10.735
NODE_126_length_48745_cov_80.5798	48745	5389	11.055
NODE_127_length_48258_cov_84.745	48258	3465	7.180
NODE_128_length_45631_cov_114.337	45631	44506	97.535
NODE_129_length_36703_cov_97.3266	36703	13167	35.874
NODE_130_length_30868_cov_74.5102	30868	1173	3.800
NODE_131_length_27328_cov_43.8956	27328	5599	20.488
NODE_132_length_26033_cov_75.5415	26033	452	1.736
NODE_133_length_25425_cov_76.7604	25425	895	3.520
NODE_134_length_24406_cov_63.6421	24406	7597	31.128
NODE_136_length_12471_cov_72.8968	12471	272	2.181
NODE_137_length_10532_cov_84.8966	10532	1454	13.806
NODE_138_length_10418_cov_71.8259	10418	1157	11.106
NODE_139_length_9764_cov_103.688	9764	6773	69.367
NODE_140_length_8956_cov_67.3726	8956	536	5.985
NODE_141_length_8551_cov_71.8697	8551	906	10.595
NODE_142_length_7537_cov_68.2448	7537	141	1.871
NODE_143_length_7076_cov_307.642	7076	7075	99.986
NODE_144_length_7049_cov_108.001	7049	5906	83.785
NODE_145_length_6652_cov_77.9701	6652	251	3.773
NODE_147_length_5419_cov_3.91686	5419	116	2.141
NODE_148_length_4543_cov_4588.58	4543	304	6.692
NODE_149_length_4490_cov_103.347	4490	2186	48.686
NODE_150_length_4387_cov_1.53568	4387	70	1.596
NODE_154_length_3670_cov_1.57832	3670	300	8.174
NODE_158_length_3466_cov_1.23151	3466	72	2.077
NODE_160_length_3393_cov_5.2575	3393	65	1.916
NODE_163_length_3271_cov_2.29739	3271	95	2.904
NODE_164_length_3267_cov_1.17197	3267	45	1.377
NODE_166_length_3191_cov_1.31364	3191	21	0.658
NODE_175_length_2858_cov_1.25815	2858	39	1.365
NODE_176_length_2818_cov_1.46711	2818	77	2.732
NODE_177_length_2818_cov_0.975102	2818	31	1.100
NODE_184_length_2650_cov_1.51685	2650	67	2.528
NODE_194_length_2504_cov_1.06731	2504	47	1.877
NODE_203_length_2455_cov_1.47509	2455	58	2.363
NODE_204_length_2442_cov_1.73175	2442	60	2.457
NODE_207_length_2403_cov_2.00132	2403	68	2.830
NODE_209_length_2379_cov_1.97691	2379	53	2.228
NODE_218_length_2333_cov_1.0476	2333	88	3.772
NODE_220_length_2318_cov_1.92926	2318	107	4.616
NODE_226_length_2252_cov_123.894	2252	2251	99.956
NODE_228_length_2229_cov_1.90533	2229	28	1.256
NODE_231_length_2216_cov_2.09813	2216	28	1.264
NODE_234_length_2210_cov_1.14978	2210	34	1.538
NODE_244_length_2145_cov_1.8662	2145	64	2.984
NODE_246_length_2136_cov_1.45744	2136	112	5.243
NODE_250_length_2125_cov_1.48999	2125	52	2.447
NODE_261_length_2076_cov_109.73	2076	2075	99.952
NODE_267_length_2056_cov_1.17678	2056	33	1.605
NODE_276_length_2029_cov_1.32177	2029	47	2.316
NODE_279_length_2021_cov_2.70961	2021	121	5.987
NODE_282_length_2010_cov_1.30855	2010	60	2.985
NODE_291_length_1974_cov_2.10125	1974	35	1.773
NODE_293_length_1965_cov_1.72742	1965	51	2.595
NODE_297_length_1960_cov_1.62084	1960	72	3.673
NODE_310_length_1909_cov_1.65544	1909	37	1.938
NODE_331_length_1848_cov_1.21673	1848	29	1.569
NODE_342_length_1815_cov_1.99941	1815	92	5.069
NODE_359_length_1791_cov_1.02103	1791	54	3.015
NODE_363_length_1778_cov_1.61599	1778	46	2.587
NODE_378_length_1725_cov_2.00375	1725	41	2.377
NODE_384_length_1719_cov_1.45917	1719	75	4.363
NODE_394_length_1694_cov_249.948	1694	1690	99.764
NODE_402_length_1686_cov_1.26876	1686	91	5.397
NODE_405_length_1672_cov_0.907443	1672	79	4.725
NODE_410_length_1669_cov_1.393	1669	41	2.457
NODE_414_length_1665_cov_1.53966	1665	48	2.883
NODE_419_length_1655_cov_0.621073	1655	28	1.692
NODE_425_length_1646_cov_1.57077	1646	108	6.561
NODE_434_length_1637_cov_1.69073	1637	36	2.199
NODE_435_length_1632_cov_1.87575	1632	40	2.451
NODE_436_length_1628_cov_1.13258	1628	49	3.010
NODE_438_length_1620_cov_1.43804	1620	89	5.494
NODE_439_length_1619_cov_1.44772	1619	48	2.965
NODE_452_length_1608_cov_1.84875	1608	39	2.425
NODE_454_length_1603_cov_1.68835	1603	37	2.308
NODE_460_length_1584_cov_2.49142	1584	119	7.513
NODE_463_length_1579_cov_0.890496	1579	125	7.916
NODE_472_length_1559_cov_1.27654	1559	82	5.260
NODE_473_length_1557_cov_1.6993	1557	191	12.267
NODE_474_length_1556_cov_1.82225	1556	38	2.442
NODE_485_length_1543_cov_1.59393	1543	38	2.463
NODE_487_length_1542_cov_1.74982	1542	34	2.205
NODE_514_length_1504_cov_1.47567	1504	29	1.928
NODE_517_length_1502_cov_0.997093	1502	35	2.330
NODE_518_length_1502_cov_1.61964	1502	24	1.598
NODE_519_length_1500_cov_1.93159	1500	43	2.867
NODE_523_length_1484_cov_1.08475	1484	144	9.704
NODE_528_length_1474_cov_1.75204	1474	131	8.887
NODE_532_length_1467_cov_2.02537	1467	54	3.681
NODE_543_length_1448_cov_1.77896	1448	42	2.901
NODE_552_length_1437_cov_1.35649	1437	42	2.923
NODE_557_length_1435_cov_12.0222	1435	89	6.202
NODE_561_length_1430_cov_0.941673	1430	39	2.727
NODE_569_length_1423_cov_1.49383	1423	36	2.530
NODE_572_length_1422_cov_1.81158	1422	23	1.617
NODE_587_length_1415_cov_1.55124	1415	43	3.039
NODE_588_length_1415_cov_1.21817	1415	32	2.261
NODE_614_length_1389_cov_1.45166	1389	43	3.096
NODE_619_length_1384_cov_1.02625	1384	72	5.202
NODE_627_length_1374_cov_1.37289	1374	46	3.348
NODE_628_length_1374_cov_1.72494	1374	47	3.421
NODE_633_length_1369_cov_1.1095	1369	39	2.849
NODE_637_length_1361_cov_1.76742	1361	34	2.498
NODE_638_length_1361_cov_1.03566	1361	72	5.290
NODE_644_length_1355_cov_0.921824	1355	36	2.657
NODE_646_length_1355_cov_137.676	1355	1139	84.059
NODE_652_length_1350_cov_1.37776	1350	54	4.000
NODE_671_length_1337_cov_1.45537	1337	49	3.665
NODE_680_length_1331_cov_1.24003	1331	57	4.282
NODE_693_length_1312_cov_1.92068	1312	33	2.515
NODE_702_length_1305_cov_134.038	1305	289	22.146
NODE_707_length_1300_cov_1.70332	1300	42	3.231
NODE_731_length_1275_cov_1.1899	1275	46	3.608
NODE_734_length_1271_cov_1.02622	1271	79	6.216
NODE_752_length_1258_cov_1.01238	1258	40	3.180
NODE_769_length_1241_cov_0.939856	1241	49	3.948
NODE_772_length_1239_cov_0.767986	1239	56	4.520
NODE_801_length_1223_cov_1.42427	1223	39	3.189
NODE_810_length_1216_cov_1.35078	1216	24	1.974
NODE_816_length_1212_cov_1.31336	1212	37	3.053
NODE_828_length_1203_cov_2.48978	1203	71	5.902
NODE_840_length_1193_cov_2.00094	1193	38	3.185
NODE_844_length_1192_cov_1.24789	1192	33	2.768
NODE_858_length_1185_cov_0.928166	1185	50	4.219
NODE_862_length_1180_cov_1.87179	1180	21	1.780
NODE_873_length_1170_cov_0.961649	1170	22	1.880
NODE_895_length_1155_cov_1.21498	1155	53	4.589
NODE_898_length_1154_cov_1.80915	1154	38	3.293
NODE_917_length_1141_cov_1.12919	1141	73	6.398
NODE_940_length_1124_cov_1.52156	1124	59	5.249
NODE_966_length_1107_cov_1.48673	1107	122	11.021
NODE_972_length_1103_cov_1.23053	1103	46	4.170
NODE_975_length_1102_cov_1.29436	1102	34	3.085
NODE_976_length_1102_cov_1.14872	1102	30	2.722
NODE_981_length_1098_cov_1.41401	1098	58	5.282
NODE_1005_length_1084_cov_2.21944	1084	29	2.675
NODE_1007_length_1081_cov_0.485325	1081	29	2.683
NODE_1012_length_1076_cov_0.929622	1076	1073	99.721
NODE_1032_length_1071_cov_1.30191	1071	31	2.894
NODE_1038_length_1067_cov_2.04149	1067	63	5.904
NODE_1040_length_1066_cov_173.691	1066	1065	99.906
NODE_1054_length_1057_cov_0.689247	1057	34	3.217
NODE_1057_length_1056_cov_2.06028	1056	52	4.924
NODE_1085_length_1040_cov_2.1632	1040	55	5.288
NODE_1090_length_1039_cov_0.741228	1039	34	3.272
NODE_1097_length_1034_cov_1.66924	1034	34	3.288
NODE_1110_length_1025_cov_1.26169	1025	32	3.122
NODE_1115_length_1022_cov_1.5352	1022	54	5.284
NODE_1138_length_1013_cov_0.67833	1013	37	3.653
NODE_1143_length_1011_cov_2.01697	1011	43	4.253
NODE_1144_length_1011_cov_1.56448	1011	45	4.451
NODE_1147_length_1009_cov_8.11791	1009	378	37.463
NODE_1154_length_1005_cov_1.12073	1005	20	1.990
NODE_1159_length_1003_cov_2.22146	1003	36	3.589
NODE_1178_length_993_cov_1.2448	993	38	3.827
NODE_1182_length_992_cov_0.996532	992	29	2.923
NODE_1189_length_991_cov_1.9456	991	39	3.935
NODE_1197_length_987_cov_1.8407	987	39	3.951
NODE_1201_length_985_cov_1.39744	985	71	7.208
NODE_1202_length_985_cov_0.812354	985	42	4.264
NODE_1211_length_982_cov_1.85263	982	48	4.888
NODE_1215_length_981_cov_1.31733	981	89	9.072
NODE_1221_length_978_cov_1.3584	978	28	2.863
NODE_1259_length_967_cov_1.08701	967	42	4.343
NODE_1265_length_963_cov_1.71411	963	44	4.569
NODE_1274_length_961_cov_2.33813	961	40	4.162
NODE_1277_length_960_cov_1.79112	960	52	5.417
NODE_1278_length_960_cov_1.2521	960	38	3.958
NODE_1282_length_960_cov_0.62425	960	64	6.667
NODE_1283_length_960_cov_0.989196	960	36	3.750
NODE_1284_length_959_cov_1.03005	959	40	4.171
NODE_1289_length_956_cov_1.30519	956	53	5.544
NODE_1297_length_952_cov_1.41212	952	92	9.664
NODE_1316_length_944_cov_1.54835	944	44	4.661
NODE_1326_length_940_cov_1.04674	940	33	3.511
NODE_1347_length_932_cov_1.09814	932	41	4.399
NODE_1365_length_924_cov_0.708908	924	86	9.307
NODE_1372_length_922_cov_1.64277	922	45	4.881
NODE_1374_length_921_cov_1.12091	921	51	5.537
NODE_1390_length_919_cov_0.65404	919	44	4.788
NODE_1394_length_918_cov_0.860936	918	47	5.120
NODE_1447_length_904_cov_0.680824	904	25	2.765
NODE_1457_length_901_cov_1.8863	901	38	4.218
NODE_1470_length_896_cov_0.680104	896	30	3.348
NODE_1479_length_891_cov_0.848168	891	47	5.275
NODE_1484_length_889_cov_0.706037	889	34	3.825
NODE_1486_length_888_cov_2.35348	888	43	4.842
NODE_1489_length_888_cov_0.586071	888	37	4.167
NODE_1500_length_885_cov_0.916887	885	26	2.938
NODE_1522_length_877_cov_1.46933	877	60	6.842
NODE_1532_length_875_cov_2.16711	875	30	3.429
NODE_1539_length_874_cov_2.56359	874	69	7.895
NODE_1541_length_874_cov_0.580991	874	38	4.348
NODE_1557_length_869_cov_1.2372	869	39	4.488
NODE_1617_length_850_cov_0.814661	850	61	7.176
NODE_1619_length_850_cov_0.771784	850	52	6.118
NODE_1636_length_838_cov_0.684798	838	36	4.296
NODE_1638_length_843_cov_1.09777	843	49	5.813
NODE_1647_length_841_cov_0.529412	841	39	4.637
NODE_1658_length_839_cov_0.592697	839	836	99.642
NODE_1665_length_837_cov_0.597183	837	42	5.018
NODE_1677_length_833_cov_0.624646	833	66	7.923
NODE_1692_length_827_cov_1.24143	827	40	4.837
NODE_1694_length_827_cov_1.18143	827	36	4.353
NODE_1702_length_826_cov_0.552217	826	47	5.690
NODE_1710_length_824_cov_1.90674	824	32	3.883
NODE_1723_length_818_cov_1.54414	818	110	13.447
NODE_1740_length_813_cov_1.03061	813	42	5.166
NODE_1765_length_805_cov_1.62242	805	36	4.472
NODE_1766_length_805_cov_1.9882	805	53	6.584
NODE_1790_length_798_cov_1.13115	798	41	5.138
NODE_1855_length_782_cov_0.960305	782	58	7.417
NODE_1867_length_780_cov_0.7366	780	86	11.026
NODE_1874_length_778_cov_1.67435	778	65	8.355
NODE_1880_length_776_cov_0.973806	776	49	6.314
NODE_1931_length_767_cov_0.896875	767	54	7.040
NODE_1948_length_765_cov_2.13636	765	58	7.582
NODE_1973_length_758_cov_0.884311	758	47	6.201
NODE_1975_length_758_cov_1.16323	758	61	8.047
NODE_1996_length_754_cov_0.835726	754	55	7.294
NODE_1998_length_753_cov_1.27636	753	43	5.710
NODE_2032_length_745_cov_1.27508	745	56	7.517
NODE_2041_length_742_cov_1.00325	742	56	7.547
NODE_2043_length_742_cov_0.595122	742	26	3.504
NODE_2050_length_741_cov_0.713355	741	47	6.343
NODE_2051_length_741_cov_52.4951	741	253	34.143
NODE_2056_length_740_cov_1.15008	740	47	6.351
NODE_2068_length_738_cov_0.762684	738	28	3.794
NODE_2077_length_737_cov_0.667213	737	54	7.327
NODE_2081_length_736_cov_1.26929	736	37	5.027
NODE_2090_length_735_cov_1.90461	735	42	5.714
NODE_2096_length_734_cov_0.713344	734	548	74.659
NODE_2101_length_733_cov_2.43564	733	24	3.274
NODE_2111_length_731_cov_0.582781	731	68	9.302
NODE_2126_length_728_cov_0.59401	728	48	6.593
NODE_2138_length_726_cov_0.616027	726	67	9.229
NODE_2156_length_722_cov_1.2958	722	61	8.449
NODE_2176_length_718_cov_1.86464	718	37	5.153
NODE_2196_length_715_cov_0.998299	715	37	5.175
NODE_2197_length_715_cov_0.782313	715	26	3.636
NODE_2200_length_714_cov_2.34583	714	55	7.703
NODE_2207_length_713_cov_0.680887	713	50	7.013
NODE_2208_length_713_cov_8.20307	713	217	30.435
NODE_2211_length_712_cov_1.42222	712	49	6.882
NODE_2213_length_712_cov_1.58632	712	33	4.635
NODE_2223_length_711_cov_0.650685	711	36	5.063
NODE_2225_length_710_cov_1.31904	710	38	5.352
NODE_2246_length_707_cov_1.01207	707	29	4.102
NODE_2254_length_705_cov_1.49827	705	77	10.922
NODE_2267_length_704_cov_0.764298	704	28	3.977
NODE_2298_length_696_cov_0.831283	696	67	9.626
NODE_2304_length_695_cov_0.670775	695	31	4.460
NODE_2310_length_694_cov_0.802469	694	46	6.628
NODE_2329_length_692_cov_59.3115	692	691	99.855
NODE_2351_length_689_cov_1.08897	689	27	3.919
NODE_2376_length_685_cov_0.860215	685	97	14.161
NODE_2382_length_684_cov_1.7307	684	21	3.070
NODE_2388_length_683_cov_0.848921	683	28	4.100
NODE_2391_length_680_cov_0.610811	680	37	5.441
NODE_2396_length_681_cov_0.855596	681	33	4.846
NODE_2414_length_679_cov_1.11051	679	41	6.038
NODE_2421_length_678_cov_1.73503	678	63	9.292
NODE_2425_length_677_cov_1.93636	677	52	7.681
NODE_2436_length_676_cov_1.09472	676	33	4.882
NODE_2437_length_676_cov_0.992714	676	50	7.396
NODE_2448_length_675_cov_0.983577	675	45	6.667
NODE_2453_length_674_cov_0.612431	674	25	3.709
NODE_2463_length_672_cov_0.862385	672	47	6.994
NODE_2465_length_671_cov_0.674632	671	31	4.620
NODE_2470_length_670_cov_1.24862	670	49	7.313
NODE_2478_length_668_cov_280.856	668	666	99.701
NODE_2481_length_667_cov_1.3963	667	36	5.397
NODE_2488_length_667_cov_0.681481	667	82	12.294
NODE_2535_length_659_cov_1.05263	659	42	6.373
NODE_2543_length_658_cov_0.580038	658	70	10.638
NODE_2544_length_658_cov_0.559322	658	45	6.839
NODE_2555_length_656_cov_0.89603	656	159	24.238
NODE_2561_length_656_cov_74.5104	656	644	98.171
NODE_2566_length_655_cov_0.596591	655	43	6.565
NODE_2567_length_649_cov_165.551	649	617	95.069
NODE_2573_length_654_cov_0.538899	654	24	3.670
NODE_2586_length_653_cov_0.891635	653	138	21.133
NODE_2620_length_647_cov_0.736538	647	31	4.791
NODE_2627_length_646_cov_1.04046	646	49	7.585
NODE_2647_length_643_cov_0.649225	643	130	20.218
NODE_2661_length_640_cov_1.31189	640	25	3.906
NODE_2673_length_639_cov_1.44922	639	54	8.451
NODE_2675_length_639_cov_0.591797	639	29	4.538
NODE_2677_length_639_cov_0.636719	639	104	16.275
NODE_2690_length_637_cov_0.782353	637	21	3.297
NODE_2691_length_637_cov_0.67451	637	17	2.669
NODE_2704_length_635_cov_0.824803	635	104	16.378
NODE_2711_length_634_cov_1.02959	634	47	7.413
NODE_2716_length_633_cov_1.15217	633	32	5.055
NODE_2720_length_632_cov_1.2198	632	18	2.848
NODE_2723_length_632_cov_167.685	632	630	99.684
NODE_2726_length_631_cov_0.55754	631	54	8.558
NODE_2736_length_629_cov_0.758964	629	24	3.816
NODE_2746_length_627_cov_1.626	627	46	7.337
NODE_2752_length_626_cov_1.78557	626	55	8.786
NODE_2764_length_624_cov_1.8672	624	23	3.686
NODE_2777_length_623_cov_1.9254	623	48	7.705
NODE_2794_length_621_cov_0.716599	621	57	9.179
NODE_2799_length_620_cov_1.85801	620	50	8.065
NODE_2809_length_619_cov_1.2561	619	50	8.078
NODE_2813_length_618_cov_0.665988	618	105	16.990
NODE_2828_length_616_cov_2.56033	616	51	8.279
NODE_2833_length_615_cov_0.594262	615	21	3.415
NODE_2847_length_614_cov_0.519507	614	38	6.189
NODE_2848_length_613_cov_2.05761	613	30	4.894
NODE_2853_length_613_cov_1.5823	613	24	3.915
NODE_2861_length_612_cov_1.15464	612	52	8.497
NODE_2875_length_610_cov_1.15321	610	37	6.066
NODE_2883_length_606_cov_0.765073	606	18	2.970
NODE_2887_length_607_cov_1.84792	607	45	7.414
NODE_2902_length_605_cov_0.799163	605	29	4.793
NODE_2921_length_603_cov_1.29202	603	47	7.794
NODE_2935_length_602_cov_0.570526	602	19	3.156
NODE_2938_length_601_cov_0.955696	601	33	5.491
NODE_2965_length_599_cov_0.728814	599	134	22.371
NODE_2986_length_596_cov_0.573561	596	60	10.067
NODE_2995_length_595_cov_1.35043	595	63	10.588
NODE_3037_length_590_cov_1.21382	590	48	8.136
NODE_3045_length_588_cov_0.94577	588	47	7.993
NODE_3052_length_588_cov_0.691974	588	54	9.184
NODE_3100_length_582_cov_0.736264	582	55	9.450
NODE_3101_length_582_cov_1.65055	582	45	7.732
NODE_3130_length_578_cov_184.339	578	577	99.827
NODE_3139_length_577_cov_0.642222	577	21	3.640
NODE_3141_length_577_cov_0.735556	577	47	8.146
NODE_3153_length_575_cov_0.720982	575	49	8.522
NODE_3154_length_575_cov_1.76116	575	33	5.739
NODE_3159_length_574_cov_1.1387	574	34	5.923
NODE_3175_length_573_cov_0.556054	573	27	4.712
NODE_3176_length_573_cov_0.591928	573	37	6.457
NODE_3199_length_571_cov_0.625282	571	36	6.305
NODE_3208_length_569_cov_1.26018	569	39	6.854
NODE_3226_length_568_cov_0.965986	568	40	7.042
NODE_3252_length_564_cov_1.79863	564	37	6.560
NODE_3263_length_563_cov_0.708716	563	29	5.151
NODE_3270_length_562_cov_1	562	88	15.658
NODE_3272_length_562_cov_243.768	562	561	99.822
NODE_3291_length_560_cov_0.734411	560	39	6.964
NODE_3327_length_556_cov_0.692308	556	121	21.763
NODE_3342_length_555_cov_0.890187	555	95	17.117
NODE_3361_length_553_cov_2.16432	553	44	7.957
NODE_3380_length_551_cov_0.931604	551	64	11.615
NODE_3387_length_550_cov_0.687943	550	29	5.273
NODE_3393_length_549_cov_0.748815	549	39	7.104
NODE_3401_length_548_cov_1.41568	548	62	11.314
NODE_3417_length_547_cov_0.688095	547	32	5.850
NODE_3423_length_546_cov_0.754177	546	36	6.593
NODE_3424_length_546_cov_0.754177	546	35	6.410
NODE_3430_length_546_cov_0.818616	546	51	9.341
NODE_3431_length_546_cov_0.844869	546	33	6.044
NODE_3438_length_545_cov_0.748804	545	43	7.890
NODE_3439_length_545_cov_0.755981	545	70	12.844
NODE_3444_length_545_cov_0.610048	545	69	12.661
NODE_3494_length_542_cov_0.727711	542	21	3.875
NODE_3499_length_542_cov_1.98795	542	68	12.546
NODE_3501_length_542_cov_0.795181	542	38	7.011
NODE_3512_length_541_cov_0.596618	541	40	7.394
NODE_3524_length_540_cov_0.765133	540	85	15.741
NODE_3533_length_539_cov_0.762136	539	44	8.163
NODE_3534_length_539_cov_1.33981	539	42	7.792
NODE_3549_length_538_cov_0.768856	538	22	4.089
NODE_3554_length_538_cov_1.15328	538	52	9.665
NODE_3559_length_538_cov_0.768856	538	71	13.197
NODE_3567_length_537_cov_0.770732	537	87	16.201
NODE_3579_length_537_cov_0.770732	537	57	10.615
NODE_3588_length_536_cov_0.760391	536	94	17.537
NODE_3609_length_535_cov_0.669118	535	101	18.879
NODE_3618_length_534_cov_0.769042	534	45	8.427
NODE_3623_length_534_cov_0.773956	534	57	10.674
NODE_3624_length_534_cov_0.761671	534	29	5.431
NODE_3627_length_524_cov_1.0344	524	501	95.611
NODE_3629_length_534_cov_2.25799	534	50	9.363
NODE_3635_length_533_cov_0.778325	533	43	8.068
NODE_3646_length_533_cov_1.86207	533	47	8.818
NODE_3664_length_532_cov_0.780247	532	36	6.767
NODE_3665_length_532_cov_0.750617	532	49	9.211
NODE_3667_length_532_cov_0.780247	532	24	4.511
NODE_3672_length_532_cov_1.02963	532	59	11.090
NODE_3680_length_531_cov_0.777228	531	50	9.416
NODE_3684_length_531_cov_0.742574	531	61	11.488
NODE_3705_length_530_cov_0.74938	530	31	5.849
NODE_3707_length_530_cov_2.54839	530	45	8.491
NODE_3712_length_530_cov_0.784119	530	58	10.943
NODE_3720_length_530_cov_2.22829	530	36	6.792
NODE_3722_length_530_cov_0.734491	530	64	12.075
NODE_3744_length_528_cov_0.78803	528	23	4.356
NODE_3760_length_528_cov_0.738155	528	38	7.197
NODE_3770_length_527_cov_0.7725	527	43	8.159
NODE_3772_length_527_cov_0.79	527	42	7.970
NODE_3786_length_527_cov_0.77	527	25	4.744
NODE_3794_length_526_cov_0.79198	526	36	6.844
NODE_3797_length_526_cov_0.79198	526	50	9.506
NODE_3802_length_526_cov_0.380952	526	98	18.631
NODE_3811_length_525_cov_0.746231	525	39	7.429
NODE_3828_length_524_cov_0.79597	524	30	5.725
NODE_3834_length_524_cov_0.79597	524	54	10.305
NODE_3844_length_524_cov_1.35516	524	62	11.832
NODE_3854_length_523_cov_0.79798	523	34	6.501
NODE_3866_length_523_cov_0.79798	523	36	6.883
NODE_3867_length_523_cov_0.79798	523	21	4.015
NODE_3871_length_523_cov_0.790404	523	41	7.839
NODE_3874_length_523_cov_1.0202	523	30	5.736
NODE_3882_length_522_cov_0.8	522	37	7.088
NODE_3883_length_522_cov_0.8	522	37	7.088
NODE_3896_length_521_cov_0.80203	521	59	11.324
NODE_3897_length_521_cov_0.80203	521	40	7.678
NODE_3901_length_521_cov_0.80203	521	100	19.194
NODE_3911_length_521_cov_0.756345	521	48	9.213
NODE_3919_length_520_cov_1.32316	520	68	13.077
NODE_3927_length_520_cov_0.804071	520	24	4.615
NODE_3928_length_520_cov_0.804071	520	88	16.923
NODE_3931_length_520_cov_0.804071	520	22	4.231
NODE_3938_length_520_cov_0.783715	520	54	10.385
NODE_3964_length_519_cov_0.770408	519	77	14.836
NODE_3970_length_518_cov_0.808184	518	35	6.757
NODE_3971_length_518_cov_0.777494	518	36	6.950
NODE_3998_length_518_cov_0.736573	518	40	7.722
NODE_4001_length_517_cov_0.728205	517	31	5.996
NODE_4002_length_517_cov_0.769231	517	55	10.638
NODE_4005_length_517_cov_0.810256	517	40	7.737
NODE_4017_length_517_cov_0.810256	517	19	3.675
NODE_4029_length_517_cov_0.758974	517	61	11.799
NODE_4031_length_517_cov_0.597436	517	507	98.066
NODE_4052_length_516_cov_0.753213	516	26	5.039
NODE_4072_length_515_cov_0.814433	515	86	16.699
NODE_4077_length_515_cov_0.814433	515	75	14.563
NODE_4085_length_515_cov_0.502577	515	177	34.369
NODE_4086_length_515_cov_0.791237	515	160	31.068
NODE_4088_length_515_cov_0.528351	515	38	7.379
NODE_4109_length_514_cov_1.44186	514	50	9.728
NODE_4110_length_514_cov_0.775194	514	49	9.533
NODE_4127_length_513_cov_0.818653	513	101	19.688
NODE_4131_length_513_cov_0.818653	513	47	9.162
NODE_4132_length_513_cov_1.22798	513	55	10.721
NODE_4140_length_513_cov_0.772021	513	39	7.602
NODE_4144_length_513_cov_0.751295	513	40	7.797
NODE_4154_length_512_cov_0.787013	512	43	8.398
NODE_4156_length_512_cov_0.820779	512	34	6.641
NODE_4167_length_512_cov_1.21299	512	43	8.398
NODE_4168_length_514_cov_1.12208	514	28	5.447
NODE_4171_length_512_cov_0.555844	512	105	20.508
NODE_4190_length_511_cov_0.822917	511	20	3.914
NODE_4203_length_511_cov_31.7188	511	510	99.804
NODE_4221_length_510_cov_0.744125	510	33	6.471
NODE_4232_length_510_cov_0.741514	510	165	32.353
NODE_4234_length_509_cov_0.774869	509	93	18.271
NODE_4237_length_509_cov_0.769634	509	67	13.163
NODE_4265_length_508_cov_0.779528	508	36	7.087
NODE_4271_length_508_cov_0.829396	508	36	7.087
NODE_4272_length_508_cov_0.7979	508	57	11.220
NODE_4275_length_508_cov_0.7979	508	51	10.039
NODE_4278_length_508_cov_0.829396	508	21	4.134
NODE_4281_length_508_cov_0.829396	508	58	11.417
NODE_4304_length_507_cov_0.778947	507	50	9.862
NODE_4306_length_507_cov_0.831579	507	46	9.073
NODE_4308_length_507_cov_0.723684	507	25	4.931
NODE_4314_length_507_cov_0.723684	507	46	9.073
NODE_4319_length_507_cov_0.565789	507	61	12.032
NODE_4330_length_506_cov_0.833773	506	32	6.324
NODE_4331_length_506_cov_0.833773	506	49	9.684
NODE_4337_length_506_cov_0.833773	506	30	5.929
NODE_4342_length_506_cov_0.833773	506	26	5.138
NODE_4345_length_506_cov_0.833773	506	109	21.542
NODE_4356_length_505_cov_1.64815	505	44	8.713
NODE_4358_length_505_cov_0.835979	505	29	5.743
NODE_4368_length_505_cov_0.835979	505	32	6.337
NODE_4384_length_505_cov_0.724868	505	25	4.950
NODE_4394_length_504_cov_0.838196	504	86	17.063
NODE_4398_length_504_cov_1.67639	504	35	6.944
NODE_4410_length_504_cov_0.779841	504	39	7.738
NODE_4420_length_503_cov_0.840426	503	57	11.332
NODE_4425_length_503_cov_0.840426	503	26	5.169
NODE_4458_length_502_cov_0.802667	502	26	5.179
NODE_4476_length_501_cov_0.831551	501	24	4.790
NODE_4484_length_501_cov_0.775401	501	41	8.184
NODE_4513_length_500_cov_0.847185	500	33	6.600
NODE_4515_length_500_cov_0.793566	500	26	5.200
NODE_4519_length_500_cov_0.772118	500	27	5.400
NODE_4522_length_500_cov_0.774799	500	39	7.800
NODE_4526_length_500_cov_0.892761	500	62	12.400
NODE_4531_length_499_cov_0.849462	499	69	13.828
NODE_4536_length_499_cov_0.849462	499	49	9.820
NODE_4586_length_498_cov_1.44205	498	39	7.831
NODE_4600_length_498_cov_0.787062	498	28	5.622
NODE_4607_length_498_cov_0.765499	498	48	9.639
NODE_4612_length_497_cov_0.854054	497	132	26.559
NODE_4620_length_497_cov_0.832432	497	28	5.634
NODE_4622_length_497_cov_0.854054	497	33	6.640
NODE_4633_length_497_cov_0.854054	497	51	10.262
NODE_4634_length_497_cov_0.854054	497	52	10.463
NODE_4638_length_497_cov_0.851351	497	88	17.706
NODE_4643_length_497_cov_0.759459	497	37	7.445
NODE_4650_length_496_cov_0.720867	496	75	15.121
NODE_4652_length_496_cov_0.856369	496	41	8.266
NODE_4661_length_496_cov_0.856369	496	41	8.266
NODE_4662_length_496_cov_0.856369	496	80	16.129
NODE_4686_length_496_cov_0.775068	496	54	10.887
NODE_4688_length_496_cov_1.11382	496	495	99.798
NODE_4707_length_495_cov_0.858696	495	71	14.343
NODE_4711_length_495_cov_0.850543	495	60	12.121
NODE_4713_length_495_cov_0.815217	495	26	5.253
NODE_4724_length_495_cov_0.774457	495	88	17.778
NODE_4728_length_494_cov_0.861035	494	38	7.692
NODE_4735_length_494_cov_0.861035	494	28	5.668
NODE_4737_length_494_cov_0.73842	494	50	10.121
NODE_4740_length_494_cov_0.861035	494	53	10.729
NODE_4742_length_494_cov_0.817439	494	55	11.134
NODE_4747_length_494_cov_0.836512	494	62	12.551
NODE_4751_length_494_cov_0.858311	494	21	4.251
NODE_4757_length_494_cov_0.841962	494	34	6.883
NODE_4773_length_493_cov_0.756831	493	85	17.241
NODE_4774_length_493_cov_0.838798	493	60	12.170
NODE_4807_length_492_cov_0.863014	492	51	10.366
NODE_4835_length_491_cov_0.85989	491	45	9.165
NODE_4851_length_491_cov_0.868132	491	43	8.758
NODE_4853_length_491_cov_0.846154	491	38	7.739
NODE_4858_length_491_cov_0.758242	491	69	14.053
NODE_4862_length_491_cov_1.48352	491	43	8.758
NODE_4866_length_490_cov_0.870523	490	106	21.633
NODE_4869_length_490_cov_2.42149	490	56	11.429
NODE_4880_length_490_cov_0.732782	490	31	6.327
NODE_4897_length_490_cov_0.936639	490	36	7.347
NODE_4902_length_489_cov_0.872928	489	31	6.339
NODE_4907_length_489_cov_0.872928	489	57	11.656
NODE_4908_length_489_cov_0.845304	489	21	4.294
NODE_4918_length_489_cov_0.872928	489	60	12.270
NODE_4947_length_488_cov_1.4626	488	41	8.402
NODE_4962_length_487_cov_0.797222	487	36	7.392
NODE_4971_length_487_cov_0.825	487	62	12.731
NODE_4976_length_487_cov_0.847222	487	31	6.366
NODE_4989_length_487_cov_0.861111	487	32	6.571
NODE_5015_length_486_cov_0.766017	486	33	6.790
NODE_5019_length_486_cov_0.880223	486	33	6.790
NODE_5023_length_486_cov_0.844011	486	56	11.523
NODE_5045_length_486_cov_0.832869	486	36	7.407
NODE_5046_length_486_cov_0.760446	486	36	7.407
NODE_5054_length_485_cov_0.874302	485	65	13.402
NODE_5059_length_485_cov_0.818436	485	49	10.103
NODE_5063_length_485_cov_0.865922	485	27	5.567
NODE_5068_length_485_cov_1.43855	485	24	4.948
NODE_5077_length_485_cov_0.801676	485	31	6.392
NODE_5082_length_485_cov_0.798883	485	36	7.423
NODE_5124_length_483_cov_0.803371	483	24	4.969
NODE_5137_length_483_cov_0.837079	483	144	29.814
NODE_5148_length_483_cov_0.783708	483	58	12.008
NODE_5150_length_483_cov_0.75	483	33	6.832
NODE_5171_length_482_cov_0.780282	482	107	22.199
NODE_5185_length_482_cov_0.830986	482	24	4.979
NODE_5209_length_481_cov_0.79661	481	29	6.029
NODE_5211_length_481_cov_0.813559	481	75	15.593
NODE_5228_length_481_cov_0.838983	481	89	18.503
NODE_5242_length_480_cov_0.790368	480	33	6.875
NODE_5263_length_480_cov_0.546742	480	89	18.542
NODE_5266_length_480_cov_0.78187	480	25	5.208
NODE_5269_length_480_cov_1.60907	480	46	9.583
NODE_5270_length_480_cov_0.609065	480	30	6.250
NODE_5272_length_479_cov_0.875	479	49	10.230
NODE_5279_length_479_cov_0.872159	479	105	21.921
NODE_5280_length_479_cov_0.801136	479	42	8.768
NODE_5281_length_479_cov_0.75	479	58	12.109
NODE_5288_length_479_cov_0.897727	479	30	6.263
NODE_5289_length_479_cov_0.801136	479	207	43.215
NODE_5294_length_479_cov_0.889205	479	20	4.175
NODE_5296_length_479_cov_0.857955	479	26	5.428
NODE_5314_length_478_cov_0.77208	478	48	10.042
NODE_5315_length_478_cov_0.851852	478	32	6.695
NODE_5323_length_478_cov_0.80057	478	18	3.766
NODE_5324_length_478_cov_0.900285	478	16	3.347
NODE_5328_length_478_cov_0.883191	478	47	9.833
NODE_5342_length_478_cov_0.866097	478	29	6.067
NODE_5345_length_478_cov_0.766382	478	60	12.552
NODE_5349_length_478_cov_0.917379	478	38	7.950
NODE_5356_length_477_cov_0.902857	477	31	6.499
NODE_5364_length_477_cov_0.88	477	67	14.046
NODE_5372_length_477_cov_0.782857	477	37	7.757
NODE_5375_length_477_cov_0.711429	477	27	5.660
NODE_5381_length_477_cov_0.874286	477	35	7.338
NODE_5387_length_477_cov_0.865714	477	48	10.063
NODE_5388_length_477_cov_2.66857	477	93	19.497
NODE_5394_length_476_cov_0.905444	476	22	4.622
NODE_5397_length_476_cov_0.905444	476	43	9.034
NODE_5414_length_476_cov_0.905444	476	21	4.412
NODE_5435_length_476_cov_0.7851	476	70	14.706
NODE_5437_length_476_cov_0.776504	476	41	8.613
NODE_5439_length_476_cov_0.765043	476	28	5.882
NODE_5443_length_476_cov_0.802292	476	33	6.933
NODE_5455_length_475_cov_0.908046	475	50	10.526
NODE_5474_length_475_cov_0.821839	475	32	6.737
NODE_5475_length_475_cov_0.778736	475	55	11.579
NODE_5477_length_475_cov_0.729885	475	28	5.895
NODE_5494_length_474_cov_0.89049	474	37	7.806
NODE_5510_length_474_cov_0.556196	474	26	5.485
NODE_5522_length_473_cov_0.913295	473	40	8.457
NODE_5533_length_473_cov_0.913295	473	47	9.937
NODE_5535_length_473_cov_0.754335	473	32	6.765
NODE_5537_length_473_cov_0.881503	473	92	19.450
NODE_5552_length_472_cov_0.727536	472	34	7.203
NODE_5560_length_472_cov_0.86087	472	62	13.136
NODE_5564_length_472_cov_0.852174	472	38	8.051
NODE_5566_length_472_cov_0.915942	472	46	9.746
NODE_5567_length_472_cov_0.808696	472	36	7.627
NODE_5573_length_472_cov_0.991304	472	23	4.873
NODE_5588_length_472_cov_1.17101	472	463	98.093
NODE_5597_length_471_cov_0.918605	471	51	10.828
NODE_5606_length_471_cov_0.784884	471	25	5.308
NODE_5608_length_471_cov_0.886628	471	29	6.157
NODE_5614_length_471_cov_0.793605	471	52	11.040
NODE_5627_length_471_cov_1.46221	471	87	18.471
NODE_5641_length_470_cov_0.886297	470	98	20.851
NODE_5642_length_470_cov_1.36735	470	44	9.362
NODE_5647_length_470_cov_0.921283	470	41	8.723
NODE_5656_length_470_cov_1.84257	470	50	10.638
NODE_5675_length_469_cov_0.923977	469	64	13.646
NODE_5690_length_469_cov_0.923977	469	106	22.601
NODE_5691_length_469_cov_0.836257	469	41	8.742
NODE_5713_length_468_cov_0.718475	468	39	8.333
NODE_5729_length_468_cov_0.73607	468	41	8.761
NODE_5741_length_468_cov_0.739003	468	34	7.265
NODE_5757_length_467_cov_0.929412	467	37	7.923
NODE_5761_length_467_cov_0.929412	467	23	4.925
NODE_5763_length_467_cov_2.31765	467	33	7.066
NODE_5785_length_467_cov_0.870588	467	127	27.195
NODE_5787_length_467_cov_0.747059	467	26	5.567
NODE_5799_length_466_cov_1.81416	466	37	7.940
NODE_5806_length_466_cov_0.893805	466	24	5.150
NODE_5810_length_466_cov_0.929204	466	21	4.506
NODE_5816_length_466_cov_0.923304	466	58	12.446
NODE_5822_length_466_cov_0.825959	466	29	6.223
NODE_5824_length_466_cov_0.766962	466	41	8.798
NODE_5871_length_465_cov_0.810651	465	40	8.602
NODE_5873_length_464_cov_0.937685	464	33	7.112
NODE_5876_length_464_cov_0.937685	464	55	11.853
NODE_5884_length_464_cov_0.771513	464	18	3.879
NODE_5900_length_464_cov_0.937685	464	30	6.466
NODE_5901_length_464_cov_0.937685	464	91	19.612
NODE_5905_length_464_cov_0.747774	464	27	5.819
NODE_5908_length_464_cov_0.967359	464	26	5.603
NODE_5918_length_463_cov_0.919643	463	28	6.048
NODE_5920_length_463_cov_0.755952	463	72	15.551
NODE_5921_length_463_cov_0.863095	463	48	10.367
NODE_5924_length_463_cov_0.940476	463	279	60.259
NODE_5925_length_463_cov_0.940476	463	30	6.479
NODE_5938_length_463_cov_0.800595	463	32	6.911
NODE_5955_length_462_cov_0.77381	462	34	7.359
NODE_5963_length_462_cov_0.943284	462	51	11.039
NODE_5994_length_461_cov_0.946108	461	45	9.761
NODE_5996_length_461_cov_0.946108	461	38	8.243
NODE_6010_length_461_cov_0.946108	461	37	8.026
NODE_6014_length_461_cov_0.946108	461	53	11.497
NODE_6017_length_461_cov_0.922156	461	31	6.725
NODE_6050_length_460_cov_0.948949	460	27	5.870
NODE_6057_length_460_cov_0.768769	460	18	3.913
NODE_6089_length_457_cov_0.951807	457	24	5.252
NODE_6093_length_459_cov_0.951807	459	28	6.100
NODE_6098_length_459_cov_0.951807	459	91	19.826
NODE_6112_length_459_cov_0.713855	459	33	7.190
NODE_6120_length_458_cov_0.954683	458	38	8.297
NODE_6145_length_458_cov_0.954683	458	47	10.262
NODE_6157_length_458_cov_0.794562	458	27	5.895
NODE_6164_length_457_cov_0.90303	457	70	15.317
NODE_6194_length_457_cov_0.809091	457	33	7.221
NODE_6204_length_457_cov_0.757576	457	28	6.127
NODE_6232_length_456_cov_1.92401	456	60	13.158
NODE_6241_length_456_cov_0.81459	456	383	83.991
NODE_6252_length_455_cov_0.963415	455	29	6.374
NODE_6270_length_455_cov_0.963415	455	29	6.374
NODE_6278_length_455_cov_0.884146	455	57	12.527
NODE_6283_length_455_cov_0.789634	455	30	6.593
NODE_6291_length_454_cov_0.704268	454	101	22.247
NODE_6295_length_454_cov_0.929664	454	37	8.150
NODE_6304_length_454_cov_0.966361	454	46	10.132
NODE_6311_length_454_cov_0.966361	454	40	8.811
NODE_6318_length_453_cov_0.7737	453	26	5.740
NODE_6348_length_453_cov_0.953988	453	40	8.830
NODE_6355_length_453_cov_0.846626	453	44	9.713
NODE_6359_length_453_cov_0.969325	453	25	5.519
NODE_6367_length_453_cov_0.837423	453	40	8.830
NODE_6380_length_453_cov_1.07975	453	452	99.779
NODE_6386_length_452_cov_0.787692	452	34	7.522
NODE_6395_length_452_cov_0.772308	452	36	7.965
NODE_6399_length_452_cov_0.750769	452	51	11.283
NODE_6403_length_452_cov_0.889231	452	48	10.619
NODE_6408_length_452_cov_0.766154	452	22	4.867
NODE_6415_length_452_cov_1.92923	452	35	7.743
NODE_6417_length_452_cov_0.870769	452	34	7.522
NODE_6426_length_452_cov_0.461538	452	57	12.611
NODE_6461_length_451_cov_0.975309	451	33	7.317
NODE_6468_length_451_cov_0.799383	451	36	7.982
NODE_6470_length_451_cov_0.799383	451	151	33.481
NODE_6477_length_451_cov_1.07716	451	450	99.778
NODE_6493_length_450_cov_0.978328	450	57	12.667
NODE_6495_length_450_cov_0.978328	450	26	5.778
NODE_6508_length_450_cov_0.767802	450	23	5.111
NODE_6510_length_450_cov_0.965944	450	40	8.889
NODE_6524_length_450_cov_0.73065	450	29	6.444
NODE_6539_length_449_cov_0.965839	449	21	4.677
NODE_6547_length_449_cov_0.97205	449	16	3.563
NODE_6564_length_449_cov_0.97205	449	22	4.900
NODE_6570_length_449_cov_0.670807	449	34	7.572
NODE_6576_length_449_cov_0.76087	449	48	10.690
NODE_6589_length_448_cov_0.915888	448	25	5.580
NODE_6604_length_448_cov_0.781931	448	72	16.071
NODE_6605_length_448_cov_0.775701	448	36	8.036
NODE_6614_length_448_cov_0.872274	448	29	6.473
NODE_6634_length_447_cov_0.953125	447	68	15.213
NODE_6658_length_447_cov_0.79375	447	31	6.935
NODE_6663_length_446_cov_0.990596	446	45	10.090
NODE_6672_length_446_cov_0.990596	446	28	6.278
NODE_6689_length_446_cov_0.855799	446	119	26.682
NODE_6698_length_446_cov_0.931034	446	51	11.435
NODE_6700_length_446_cov_1.08777	446	109	24.439
NODE_6701_length_446_cov_0.554859	446	35	7.848
NODE_6707_length_446_cov_0.865204	446	33	7.399
NODE_6712_length_446_cov_0.76489	446	39	8.744
NODE_6713_length_446_cov_0.755486	446	26	5.830
NODE_6717_length_445_cov_0.742138	445	76	17.079
NODE_6749_length_445_cov_0.927673	445	33	7.416
NODE_6757_length_445_cov_0.735849	445	105	23.596
NODE_6764_length_445_cov_0.77044	445	55	12.360
NODE_6779_length_444_cov_0.996845	444	25	5.631
NODE_6788_length_444_cov_0.9653	444	56	12.613
NODE_6790_length_444_cov_0.84858	444	29	6.532
NODE_6804_length_444_cov_0.671924	444	39	8.784
NODE_6811_length_444_cov_0.769716	444	32	7.207
NODE_6812_length_444_cov_0.858044	444	34	7.658
NODE_6816_length_444_cov_0.750789	444	34	7.658
NODE_6826_length_443_cov_1	443	367	82.844
NODE_6831_length_443_cov_0.949367	443	117	26.411
NODE_6834_length_443_cov_1	443	31	6.998
NODE_6839_length_443_cov_0.873418	443	34	7.675
NODE_6846_length_443_cov_0.920886	443	158	35.666
NODE_6849_length_443_cov_1	443	39	8.804
NODE_6853_length_443_cov_0.753165	443	47	10.609
NODE_6860_length_443_cov_0.731013	443	20	4.515
NODE_6861_length_443_cov_0.873418	443	31	6.998
NODE_6864_length_443_cov_1.36076	443	53	11.964
NODE_6869_length_442_cov_0.926984	442	26	5.882
NODE_6907_length_441_cov_0.94586	441	41	9.297
NODE_6908_length_441_cov_0.792994	441	54	12.245
NODE_6913_length_441_cov_1.00637	441	39	8.844
NODE_6921_length_441_cov_0.971338	441	38	8.617
NODE_6926_length_441_cov_0.863057	441	21	4.762
NODE_6929_length_441_cov_0.875796	441	38	8.617
NODE_6930_length_441_cov_0.726115	441	31	7.029
NODE_6940_length_441_cov_0.66242	441	29	6.576
NODE_6970_length_440_cov_1	440	433	98.409
NODE_6974_length_440_cov_0.948882	440	21	4.773
NODE_6976_length_440_cov_0.910543	440	36	8.182
NODE_6978_length_440_cov_0.728435	440	44	10.000
NODE_6991_length_440_cov_0.753994	440	32	7.273
NODE_6992_length_440_cov_0.789137	440	31	7.045
NODE_6995_length_440_cov_0.661342	440	32	7.273
NODE_6997_length_440_cov_0.936102	440	41	9.318
NODE_7002_length_440_cov_0.801917	440	91	20.682
NODE_7014_length_439_cov_0.826923	439	58	13.212
NODE_7018_length_439_cov_0.878205	439	24	5.467
NODE_7038_length_439_cov_2.44551	439	31	7.062
NODE_7046_length_438_cov_1.01608	438	51	11.644
NODE_7048_length_438_cov_1.01608	438	67	15.297
NODE_7052_length_438_cov_1.01608	438	435	99.315
NODE_7056_length_438_cov_1.01608	438	32	7.306
NODE_7071_length_438_cov_0.803859	438	436	99.543
NODE_7072_length_438_cov_0.710611	438	26	5.936
NODE_7085_length_437_cov_1.37742	437	45	10.297
NODE_7102_length_437_cov_1.01935	437	41	9.382
NODE_7156_length_436_cov_1.00324	436	61	13.991
NODE_7160_length_436_cov_0.954693	436	127	29.128
NODE_7161_length_436_cov_0.990291	436	24	5.505
NODE_7176_length_436_cov_0.692557	436	51	11.697
NODE_7192_length_435_cov_1.02597	435	45	10.345
NODE_7210_length_435_cov_0.996753	435	22	5.057
NODE_7225_length_435_cov_0.711039	435	22	5.057
NODE_7255_length_434_cov_0.872964	434	44	10.138
NODE_7263_length_434_cov_0.905537	434	41	9.447
NODE_7266_length_434_cov_0.635179	434	36	8.295
NODE_7270_length_434_cov_0.850163	434	34	7.834
NODE_7282_length_433_cov_0.98366	433	74	17.090
NODE_7283_length_433_cov_1.03268	433	28	6.467
NODE_7302_length_433_cov_0.843137	433	28	6.467
NODE_7304_length_433_cov_0.941176	433	46	10.624
NODE_7311_length_433_cov_1.03268	433	37	8.545
NODE_7312_length_433_cov_1.03268	433	24	5.543
NODE_7320_length_433_cov_0.80719	433	26	6.005
NODE_7339_length_433_cov_0.856209	433	47	10.855
NODE_7352_length_432_cov_1.01967	432	25	5.787
NODE_7361_length_432_cov_1.01967	432	24	5.556
NODE_7371_length_432_cov_1.03607	432	39	9.028
NODE_7387_length_432_cov_0.734426	432	55	12.731
NODE_7395_length_431_cov_0.799342	431	41	9.513
NODE_7407_length_431_cov_0.878289	431	32	7.425
NODE_7422_length_431_cov_0.875	431	49	11.369
NODE_7430_length_430_cov_0.848185	430	72	16.744
NODE_7441_length_430_cov_1.0066	430	429	99.767
NODE_7444_length_430_cov_0.805281	430	32	7.442
NODE_7451_length_430_cov_1.0165	430	31	7.209
NODE_7455_length_430_cov_1.0066	430	32	7.442
NODE_7464_length_430_cov_0.858086	430	32	7.442
NODE_7489_length_428_cov_0.860927	428	31	7.243
NODE_7503_length_429_cov_0.847682	429	27	6.294
NODE_7504_length_429_cov_1.04636	429	56	13.054
NODE_7514_length_429_cov_0.715232	429	41	9.557
NODE_7528_length_428_cov_0.737542	428	24	5.607
NODE_7538_length_428_cov_1.04983	428	36	8.411
NODE_7563_length_428_cov_0.873754	428	26	6.075
NODE_7584_length_427_cov_1.05333	427	45	10.539
NODE_7586_length_427_cov_1.05333	427	46	10.773
NODE_7592_length_427_cov_0.946667	427	56	13.115
NODE_7599_length_427_cov_0.92	427	184	43.091
NODE_7607_length_427_cov_0.943333	427	42	9.836
NODE_7611_length_427_cov_0.903333	427	36	8.431
NODE_7619_length_427_cov_1.01667	427	26	6.089
NODE_7628_length_427_cov_0.79	427	33	7.728
NODE_7637_length_427_cov_2.05667	427	48	11.241
NODE_7648_length_426_cov_1.04682	426	33	7.746
NODE_7660_length_426_cov_0.953177	426	186	43.662
NODE_7673_length_426_cov_1.00669	426	39	9.155
NODE_7690_length_425_cov_1.05034	425	53	12.471
NODE_7712_length_425_cov_1.0604	425	34	8.000
NODE_7717_length_425_cov_1.0604	425	36	8.471
NODE_7722_length_425_cov_0.758389	425	34	8.000
NODE_7738_length_424_cov_0.942761	424	21	4.953
NODE_7752_length_424_cov_1.03367	424	29	6.840
NODE_7756_length_424_cov_1.06397	424	37	8.726
NODE_7769_length_423_cov_0.96633	423	50	11.820
NODE_7776_length_424_cov_1.03367	424	38	8.962
NODE_7780_length_424_cov_0.969697	424	30	7.075
NODE_7798_length_423_cov_1.05743	423	34	8.038
NODE_7804_length_423_cov_1.06757	423	32	7.565
NODE_7805_length_423_cov_1.02365	423	44	10.402
NODE_7822_length_423_cov_1.27027	423	21	4.965
NODE_7833_length_423_cov_0.763514	423	39	9.220
NODE_7840_length_423_cov_0.692568	423	62	14.657
NODE_7842_length_422_cov_1.07119	422	23	5.450
NODE_7852_length_422_cov_0.955932	422	42	9.953
NODE_7865_length_422_cov_1.07119	422	77	18.246
NODE_7874_length_422_cov_1.07119	422	24	5.687
NODE_7885_length_422_cov_0.749153	422	28	6.635
NODE_7910_length_421_cov_0.955782	421	43	10.214
NODE_7914_length_421_cov_1.07143	421	44	10.451
NODE_7918_length_421_cov_1.0034	421	50	11.876
NODE_7919_length_421_cov_1.07483	421	79	18.765
NODE_7937_length_421_cov_1.40136	421	420	99.762
NODE_7940_length_421_cov_0.918367	421	118	28.029
NODE_7947_length_421_cov_0.942177	421	124	29.454
NODE_7948_length_421_cov_0.982993	421	53	12.589
NODE_7950_length_421_cov_0.846939	421	31	7.363
NODE_7993_length_420_cov_0.754266	420	23	5.476
NODE_7994_length_420_cov_1.0785	420	19	4.524
NODE_8006_length_420_cov_0.788396	420	64	15.238
NODE_8011_length_420_cov_0.90785	420	33	7.857
NODE_8015_length_420_cov_0.836177	420	53	12.619
NODE_8039_length_419_cov_1.01027	419	27	6.444
NODE_8048_length_419_cov_1.06849	419	35	8.353
NODE_8049_length_419_cov_0.890411	419	23	5.489
NODE_8055_length_419_cov_0.780822	419	28	6.683
NODE_8072_length_418_cov_1.08591	418	33	7.895
NODE_8073_length_418_cov_1.0378	418	35	8.373
NODE_8079_length_418_cov_1.02749	418	28	6.699
NODE_8084_length_418_cov_1.08591	418	113	27.033
NODE_8087_length_418_cov_0.828179	418	34	8.134
NODE_8095_length_418_cov_1.27835	418	38	9.091
NODE_8099_length_418_cov_1.07904	418	59	14.115
NODE_8100_length_418_cov_1.04811	418	34	8.134
NODE_8116_length_418_cov_1.02405	418	33	7.895
NODE_8128_length_417_cov_1.04138	417	40	9.592
NODE_8134_length_417_cov_1.02759	417	25	5.995
NODE_8140_length_417_cov_1.08966	417	42	10.072
NODE_8162_length_417_cov_1	417	40	9.592
NODE_8166_length_417_cov_0.996552	417	24	5.755
NODE_8177_length_417_cov_1.23793	417	416	99.760
NODE_8195_length_416_cov_1.09343	416	42	10.096
NODE_8203_length_416_cov_1.09343	416	415	99.760
NODE_8204_length_416_cov_1.07958	416	58	13.942
NODE_8208_length_416_cov_1.04844	416	52	12.500
NODE_8237_length_416_cov_177.543	416	240	57.692
NODE_8249_length_415_cov_1.09722	415	26	6.265
NODE_8252_length_415_cov_0.708333	415	29	6.988
NODE_8268_length_415_cov_1.07986	415	414	99.759
NODE_8273_length_415_cov_0.934028	415	50	12.048
NODE_8280_length_415_cov_0.600694	415	55	13.253
NODE_8284_length_414_cov_1.10105	414	31	7.488
NODE_8299_length_414_cov_1.10105	414	35	8.454
NODE_8316_length_414_cov_0.986063	414	411	99.275
NODE_8317_length_414_cov_0.933798	414	36	8.696
NODE_8318_length_414_cov_0.993031	414	34	8.213
NODE_8325_length_414_cov_0.689895	414	25	6.039
NODE_8349_length_413_cov_1.1049	413	85	20.581
NODE_8361_length_413_cov_1.07343	413	46	11.138
NODE_8363_length_413_cov_1.02098	413	30	7.264
NODE_8365_length_413_cov_1.0979	413	407	98.547
NODE_8366_length_413_cov_0.755245	413	35	8.475
NODE_8372_length_413_cov_0.923077	413	103	24.939
NODE_8375_length_413_cov_0.699301	413	18	4.358
NODE_8381_length_352_cov_0.568889	352	351	99.716
NODE_8382_length_350_cov_0.744395	350	346	98.857
NODE_8383_length_330_cov_0.669951	330	323	97.879
NODE_8384_length_330_cov_0.778325	330	329	99.697
NODE_8386_length_303_cov_0.488636	303	299	98.680
NODE_8388_length_256_cov_54.8992	256	248	96.875
NODE_8390_length_254_cov_47.5906	254	251	98.819
NODE_8391_length_253_cov_61.7381	253	154	60.870
NODE_8392_length_253_cov_95.0635	253	141	55.731
NODE_8393_length_253_cov_48.9524	253	125	49.407
NODE_8394_length_252_cov_86.872	252	124	49.206
NODE_8395_length_248_cov_49.8017	248	247	99.597
NODE_8396_length_242_cov_51.5826	242	47	19.421
NODE_8399_length_206_cov_54.557	206	125	60.680
NODE_8404_length_179_cov_37.5769	179	74	41.341
NODE_8411_length_167_cov_595.025	167	166	99.401
NODE_8417_length_155_cov_60.1429	155	122	78.710
NODE_8419_length_152_cov_1186.4	152	151	99.342
NODE_8423_length_141_cov_641.071	141	138	97.872
NODE_8425_length_136_cov_65.6667	136	134	98.529
NODE_8426_length_135_cov_98.375	135	134	99.259
NODE_8427_length_133_cov_8	133	132	99.248
NODE_8428_length_132_cov_46.2	132	131	99.242
NODE_8430_length_132_cov_4793.8	132	131	99.242
NODE_8431_length_131_cov_4.75	131	130	99.237
NODE_8432_length_131_cov_11	131	130	99.237
NODE_8433_length_131_cov_676.5	131	130	99.237
NODE_8434_length_130_cov_16	130	129	99.231
NODE_8435_length_130_cov_17.3333	130	129	99.231
NODE_8436_length_129_cov_23.5	129	128	99.225
NODE_8437_length_128_cov_94	128	127	99.219
NODE_8438_length_128_cov_623	128	127	99.219
NODE_8439_length_128_cov_609	128	127	99.219
NODE_8440_length_128_cov_4795	128	127	99.219
NODE_8441_length_128_cov_4745	128	127	99.219
NODE_8442_length_128_cov_4842	128	127	99.219
NODE_8443_length_128_cov_58000	128	127	99.219
Total	48959890	11111713	22.696
