Contig	Len_ctg	len_gff	coverage
Sc0000000_segment0	2188364	552286	25.237
Sc0000001_segment0	1913587	745891	38.979
Sc0000002_segment0	1804469	616671	34.175
Sc0000003_segment0	1725387	462975	26.833
Sc0000004_segment0	1502538	370702	24.672
Sc0000005_segment0	1404664	525160	37.387
Sc0000006_segment0	1361454	476947	35.032
Sc0000007_segment0	1343376	530774	39.510
Sc0000008_segment0	1294282	761599	58.843
Sc0000009_segment0	641476	189831	29.593
Sc0000009_segment1	643920	168644	26.190
Sc0000010_segment0	1237400	260233	21.031
Sc0000011_segment0	11557	131	1.134
Sc0000011_segment2	1146575	315183	27.489
Sc0000012_segment0	809108	86714	10.717
Sc0000012_segment1	348983	39139	11.215
Sc0000013_segment0	1024454	260686	25.446
Sc0000014_segment0	987362	398649	40.375
Sc0000015_segment0	602037	221843	36.849
Sc0000015_segment1	387179	215172	55.574
Sc0000016_segment0	916864	88056	9.604
Sc0000017_segment0	844118	277945	32.927
Sc0000018_segment0	14517	6330	43.604
Sc0000018_segment1	772058	129099	16.721
Sc0000019_segment0	733403	90980	12.405
Sc0000020_segment0	728446	222526	30.548
Sc0000021_segment0	693659	280954	40.503
Sc0000022_segment0	684927	208559	30.450
Sc0000023_segment0	679081	84109	12.386
Sc0000024_segment0	661811	260984	39.435
Sc0000025_segment0	666803	123475	18.517
Sc0000026_segment0	653250	212894	32.590
Sc0000027_segment0	636333	168901	26.543
Sc0000028_segment0	624692	237495	38.018
Sc0000029_segment0	608214	513233	84.384
Sc0000030_segment0	80020	24619	30.766
Sc0000030_segment1	485709	102837	21.173
Sc0000031_segment0	505255	395311	78.240
Sc0000032_segment0	479678	144766	30.180
Sc0000033_segment0	480185	84209	17.537
Sc0000034_segment0	471952	199493	42.270
Sc0000035_segment0	13232	9042	68.334
Sc0000035_segment1	447664	131275	29.324
Sc0000036_segment0	457904	95614	20.881
Sc0000037_segment0	441919	154926	35.058
Sc0000038_segment0	444690	62115	13.968
Sc0000039_segment0	433610	187893	43.332
Sc0000040_segment0	426851	31371	7.349
Sc0000041_segment0	427474	95797	22.410
Sc0000042_segment0	426579	207225	48.578
Sc0000043_segment0	407219	37411	9.187
Sc0000044_segment0	388569	124993	32.168
Sc0000045_segment0	377091	19471	5.163
Sc0000046_segment0	348530	80117	22.987
Sc0000047_segment0	352754	64710	18.344
Sc0000048_segment0	350500	126295	36.033
Sc0000049_segment0	348251	67117	19.273
Sc0000050_segment0	343827	114079	33.179
Sc0000051_segment0	337682	113495	33.610
Sc0000052_segment0	339732	22081	6.500
Sc0000053_segment0	300446	105144	34.996
Sc0000053_segment1	11026	11008	99.837
Sc0000054_segment0	315004	14049	4.460
Sc0000055_segment1	309415	82863	26.781
Sc0000057_segment0	300897	38439	12.775
Sc0000058_segment0	291157	233611	80.235
Sc0000060_segment0	134743	6654	4.938
Sc0000060_segment1	133524	33867	25.364
Sc0000061_segment0	273032	28392	10.399
Sc0000062_segment0	266926	21058	7.889
Sc0000063_segment0	262495	45184	17.213
Sc0000064_segment0	255478	186600	73.040
Sc0000065_segment0	244534	28384	11.607
Sc0000066_segment0	238906	13278	5.558
Sc0000067_segment0	16265	1888	11.608
Sc0000067_segment1	220377	92803	42.111
Sc0000068_segment0	214766	139123	64.779
Sc0000069_segment0	213411	35659	16.709
Sc0000070_segment0	199407	4923	2.469
Sc0000071_segment0	190476	63619	33.400
Sc0000072_segment0	185710	8487	4.570
Sc0000073_segment0	179875	44433	24.702
Sc0000074_segment0	176641	12666	7.170
Sc0000075_segment0	171691	3281	1.911
Sc0000076_segment0	163804	87752	53.571
Sc0000077_segment0	153202	14482	9.453
Sc0000078_segment0	142017	38652	27.216
Sc0000079_segment0	120981	45564	37.662
Sc0000080_segment0	123481	6717	5.440
Sc0000081_segment0	113852	31842	27.968
Sc0000082_segment0	106354	46924	44.121
Sc0000083_segment0	111258	3758	3.378
Sc0000084_segment0	109691	1432	1.305
Sc0000085_segment0	105482	39428	37.379
Sc0000086_segment0	100318	38543	38.421
Sc0000087_segment0	95378	37095	38.893
Sc0000088_segment0	88601	66286	74.814
Sc0000089_segment0	78017	1348	1.728
Sc0000090_segment0	70388	13927	19.786
Sc0000091_segment0	65146	4177	6.412
Sc0000092_segment0	60365	2084	3.452
Sc0000093_segment0	57921	1242	2.144
Sc0000096_segment0	50419	2275	4.512
Sc0000097_segment0	49053	3184	6.491
Sc0000098_segment0	44017	6010	13.654
Sc0000099_segment0	39644	7442	18.772
Sc0000101_segment0	37340	28533	76.414
Sc0000102_segment0	32567	1195	3.669
Sc0000103_segment1	26560	10295	38.761
Sc0000104_segment0	32388	742	2.291
Sc0000106_segment0	19767	11343	57.384
xfSc0000000_segment0	409460	279986	68.379
xfSc0000004_segment0	180721	150591	83.328
xfSc0000006_segment0	167619	16192	9.660
xfSc0000008_segment0	150019	105241	70.152
xfSc0000013_segment0	60990	3802	6.234
xfSc0000015_segment0	55258	40723	73.696
xfSc0000017_segment0	50980	29422	57.713
xfSc0000018_segment0	48019	12828	26.714
xfSc0000022_segment0	45714	6243	13.657
xfSc0000025_segment0	35457	19482	54.945
xfSc0000026_segment0	40529	5892	14.538
xfSc0000027_segment0	40900	12502	30.567
xfSc0000038_segment0	24120	18869	78.230
xfSc0000040_segment0	25570	18760	73.367
xfSc0000041_segment0	24903	23062	92.607
xfSc0000042_segment0	24855	11076	44.562
xfSc0000048_segment0	19439	1832	9.424
xpSc0000087_segment0	177582	98527	55.483
xpSc0000088_segment0	159571	5363	3.361
xpSc0000089_segment0	143350	57953	40.428
xpSc0000090_segment0	138398	90597	65.461
xpSc0000093_segment0	104118	52154	50.091
xpSc0000094_segment0	82802	57614	69.580
xpSc0000096_segment0	72496	28949	39.932
xpSc0000097_segment0	66853	55544	83.084
xpSc0000098_segment0	42721	23520	55.055
xpSc0000098_segment1	20576	19897	96.700
xpSc0000100_segment0	57158	11500	20.120
xpSc0000103_segment0	54211	1735	3.200
xpSc0000110_segment0	45527	30986	68.061
xpSc0000111_segment0	41024	13321	32.471
xpSc0000112_segment0	41055	14843	36.154
xpSc0000115_segment0	31748	8850	27.876
xpSc0000116_segment0	31637	8863	28.015
xpSc0000117_segment0	32202	1874	5.820
xpSc0000120_segment0	29013	1571	5.415
xpSc0000125_segment0	27941	21604	77.320
xpSc0000127_segment0	27144	18938	69.769
xpSc0000129_segment0	26226	844	3.218
xpSc0000130_segment0	25041	466	1.861
xpSc0000134_segment0	22699	19807	87.259
xpSc0000138_segment0	19908	15842	79.576
xpSc0000139_segment0	20423	4417	21.628
xpSc0000144_segment0	15621	13287	85.059
xpSc0000148_segment0	18822	16450	87.398
xpSc0000153_segment0	16986	2120	12.481
xpSc0000156_segment0	17315	233	1.346
xpSc0000174_segment1	12377	8008	64.701
xpSc0000194_segment0	12836	7318	57.012
Total	52271419	16078215	30.759
